12-09-2019 17:50:56,18.89128875732422,20.0,18.0,1,0,0
12-09-2019 17:51:02,18.89128875732422,20.0,18.0,1,0,0
12-09-2019 17:51:06,18.89463996887207,20.0,18.0,1,0,0
12-09-2019 17:51:12,18.89311981201172,20.0,18.0,1,0,0
12-09-2019 17:52:29,18.904190063476562,20.0,18.0,1,0,0
12-09-2019 17:52:34,18.904483795166016,20.0,18.0,1,0,0
12-09-2019 17:52:39,18.906314849853516,20.0,18.0,1,0,0
12-09-2019 17:52:43,18.906158447265625,20.0,18.0,1,0,0
12-09-2019 17:52:48,18.90814781188965,20.0,18.0,1,0,0
12-09-2019 17:52:52,18.90652847290039,20.0,18.0,1,0,0
12-09-2019 17:52:57,18.907289505004883,20.0,18.0,1,0,0
12-09-2019 17:53:01,18.907894134521484,20.0,18.0,1,0,0
12-09-2019 17:53:07,18.907894134521484,20.0,18.0,1,0,0
12-09-2019 17:53:11,18.90814781188965,20.0,18.0,1,0,0
12-09-2019 17:53:53,18.913759231567383,20.0,18.0,1,0,0
12-09-2019 17:53:58,18.91609764099121,20.0,18.0,1,0,0
12-09-2019 17:54:02,18.91411018371582,20.0,18.0,1,0,0
12-09-2019 17:54:08,18.914072036743164,20.0,18.0,1,0,0
12-09-2019 17:54:12,18.915884017944336,20.0,18.0,1,0,0
12-09-2019 17:54:18,18.91533851623535,20.0,18.0,1,0,0
12-09-2019 17:54:22,18.915435791015625,20.0,18.0,1,0,0
12-09-2019 17:54:27,18.91533851623535,20.0,18.0,1,0,0
12-09-2019 17:54:32,18.915435791015625,20.0,18.0,1,0,0
12-09-2019 17:54:37,18.914871215820312,20.0,18.0,1,0,0
12-09-2019 17:54:54,18.911245346069336,20.00659942626953,18.0,1,0,0
12-09-2019 17:54:58,18.929195404052734,20.293312072753906,18.0,1,0,0
12-09-2019 17:55:02,18.98790168762207,20.599956512451172,18.0,1,0,0
12-09-2019 17:55:07,19.057092666625977,20.87327003479004,18.0,1,0,0
12-09-2019 17:55:11,19.131685256958008,21.199913024902344,18.0,1,0,0
12-09-2019 17:55:16,19.230390548706055,21.51988983154297,18.0,1,0,0
12-09-2019 17:55:20,19.32052230834961,21.853199005126953,18.0,1,0,0
12-09-2019 17:55:26,19.426719665527344,22.17310905456543,18.0,1,0,0
12-09-2019 17:55:30,19.512802124023438,22.453155517578125,18.0,1,0,0
12-09-2019 17:55:35,19.6151065826416,22.77313232421875,18.0,1,0,0
12-09-2019 17:58:19,24.713903427124023,28.0,18.0,1,0,0
12-09-2019 17:58:23,24.763534545898438,28.0,18.0,1,0,0
12-09-2019 17:58:28,24.89594841003418,28.0,18.0,1,0,0
12-09-2019 17:58:32,25.032873153686523,28.0,18.0,1,0,0
12-09-2019 17:58:36,25.16689109802246,28.0,18.0,1,0,0
12-09-2019 17:58:41,25.313247680664062,28.0,18.0,1,0,0
12-09-2019 17:58:45,25.419586181640625,28.0,18.0,1,0,0
12-09-2019 17:58:50,25.558673858642578,28.0,18.0,1,0,0
12-09-2019 17:58:55,25.64853858947754,28.0,18.0,1,0,0
12-09-2019 17:58:59,25.741533279418945,28.0,18.0,1,0,0
12-09-2019 17:59:04,25.82843017578125,28.0,18.0,1,0,0
12-09-2019 17:59:10,25.934078216552734,28.0,18.0,1,0,0
12-09-2019 17:59:14,26.003021240234375,28.0,18.0,1,0,0
12-09-2019 17:59:19,26.079381942749023,28.0,18.0,1,0,0
12-09-2019 17:59:23,26.139537811279297,28.0,18.0,1,0,0
12-09-2019 17:59:29,26.212932586669922,28.0,18.0,1,0,0
12-09-2019 17:59:33,26.272104263305664,28.0,18.0,1,0,0
12-09-2019 17:59:38,26.334999084472656,28.0,18.0,1,0,0
12-09-2019 17:59:42,26.39183235168457,28.0,18.0,1,0,0
12-09-2019 17:59:47,26.45140266418457,28.0,18.0,1,0,0
12-09-2019 17:59:51,26.50086212158203,28.0,18.0,1,0,0
12-09-2019 17:59:55,26.552505493164062,28.0,18.0,1,0,0
12-09-2019 18:00:00,26.602062225341797,28.0,18.0,1,0,0
12-09-2019 18:00:04,26.65091323852539,28.0,18.0,1,0,0
12-09-2019 18:00:09,26.7085018157959,28.0,18.0,1,0,0
12-09-2019 18:00:13,26.755327224731445,28.0,18.0,1,0,0
12-09-2019 18:00:19,26.824918746948242,28.0,18.0,1,0,0
12-09-2019 18:00:23,26.86901092529297,28.0,18.0,1,0,0
12-09-2019 18:00:29,26.930025100708008,28.0,18.0,1,0,0
12-09-2019 18:00:33,26.98204803466797,28.0,18.0,1,0,0
12-09-2019 18:00:38,27.03228187561035,28.0,18.0,1,0,0
12-09-2019 18:00:42,27.073898315429688,28.0,18.0,1,0,0
12-09-2019 18:00:48,27.14239501953125,28.0,18.0,1,0,0
12-09-2019 18:00:52,27.182025909423828,28.0,18.0,1,0,0
12-09-2019 18:00:58,27.23255729675293,28.0,18.0,1,0,0
12-09-2019 18:01:02,27.271263122558594,28.0,18.0,1,0,0
12-09-2019 18:01:08,27.325654983520508,28.0,18.0,1,0,0
12-09-2019 18:01:12,27.365934371948242,28.0,18.0,1,0,0
12-09-2019 18:01:18,27.420425415039062,28.0,18.0,1,0,0
12-09-2019 18:01:22,27.46696662902832,28.0,18.0,1,0,0
12-09-2019 18:01:27,27.518447875976562,28.0,18.0,1,0,0
12-09-2019 18:01:32,27.55914306640625,28.0,18.0,1,0,0
12-09-2019 18:01:36,27.609073638916016,28.0,18.0,1,0,0
12-09-2019 18:01:41,27.649789810180664,28.0,18.0,1,0,0
12-09-2019 18:01:47,27.71076011657715,28.0,18.0,1,0,0
12-09-2019 18:01:51,27.751638412475586,28.0,18.0,1,0,0
12-09-2019 18:01:57,27.807706832885742,28.0,18.0,1,0,0
12-09-2019 18:02:01,27.844274520874023,28.0,18.0,1,0,0
12-09-2019 18:02:06,27.89544677734375,28.0,18.0,1,0,0
12-09-2019 18:02:11,27.934770584106445,28.0,18.0,1,0,0
12-09-2019 18:02:16,27.983779907226562,28.0,18.0,1,0,0
12-09-2019 18:02:20,28.016963958740234,28.0,18.0,1,0,0
12-09-2019 18:02:26,28.07044219970703,28.0,18.0,1,0,0
12-09-2019 18:02:30,28.102249145507812,28.0,18.0,1,0,0
12-09-2019 18:02:36,28.145570755004883,28.0,18.0,1,0,0
12-09-2019 18:02:40,28.176769256591797,28.0,18.0,1,0,0
12-09-2019 18:02:46,28.2188720703125,28.0,18.0,1,0,0
12-09-2019 18:02:50,28.249420166015625,28.0,18.0,1,0,0
12-09-2019 18:02:55,28.28569793701172,28.0,18.0,1,0,0
12-09-2019 18:02:59,28.318275451660156,28.0,18.0,1,0,0
12-09-2019 18:03:05,28.35561752319336,28.0,18.0,1,0,0
12-09-2019 18:03:09,28.3846492767334,28.0,18.0,1,0,0
12-09-2019 18:03:14,28.41722869873047,28.0,18.0,1,0,0
12-09-2019 18:03:18,28.444433212280273,28.0,18.0,1,0,0
12-09-2019 18:03:25,28.484375,28.0,18.0,1,0,0
12-09-2019 18:03:29,28.511577606201172,28.0,18.0,1,0,0
12-09-2019 18:03:34,28.546619415283203,28.0,18.0,1,0,0
12-09-2019 18:03:38,28.571521759033203,28.0,18.0,1,0,0
12-09-2019 18:03:44,28.605615615844727,28.0,18.0,1,0,0
12-09-2019 18:03:48,28.627742767333984,28.0,18.0,1,0,0
12-09-2019 18:03:54,28.657861709594727,28.0,18.0,1,0,0
12-09-2019 18:03:58,28.680757522583008,28.0,18.0,1,0,0
12-09-2019 18:04:03,28.70690155029297,28.0,18.0,1,0,0
12-09-2019 18:04:07,28.72487449645996,28.0,18.0,1,0,0
12-09-2019 18:04:12,28.748380661010742,28.0,18.0,1,0,0
12-09-2019 18:04:16,28.766040802001953,28.0,18.0,1,0,0
12-09-2019 18:04:22,28.79324722290039,28.0,18.0,1,0,0
12-09-2019 18:04:27,28.809999465942383,28.0,18.0,1,0,0
12-09-2019 18:04:32,28.826045989990234,28.0,18.0,1,0,0
12-09-2019 18:04:36,28.841205596923828,28.0,18.0,1,0,0
12-09-2019 18:04:42,28.863628387451172,28.0,18.0,1,0,0
12-09-2019 18:04:46,28.880382537841797,28.0,18.0,1,0,0
12-09-2019 18:04:52,28.900680541992188,28.0,18.0,1,0,0
12-09-2019 18:04:56,28.91097640991211,28.0,18.0,1,0,0
12-09-2019 18:05:01,28.921884536743164,28.0,18.0,1,0,0
12-09-2019 18:05:05,28.92863655090332,28.0,18.0,1,0,0
12-09-2019 18:05:12,28.940645217895508,28.0,18.0,1,0,0
12-09-2019 18:05:16,28.951080322265625,28.0,18.0,1,0,0
12-09-2019 18:06:07,28.798009872436523,28.0,18.0,1,0,0
12-09-2019 18:06:17,28.746845245361328,28.0,18.0,1,0,0
12-09-2019 18:08:09,28.282312393188477,28.0,18.0,1,0,0
12-09-2019 18:08:53,28.143268585205078,28.0,18.0,1,0,0
12-09-2019 18:08:57,28.13114356994629,28.0,18.0,1,0,0
12-09-2019 18:09:12,28.07351303100586,28.0,18.0,1,0,0
12-09-2019 18:09:16,28.062273025512695,28.0,18.0,1,0,0
12-09-2019 18:09:41,27.97779655456543,28.0,18.0,1,0,0
12-09-2019 18:09:46,27.965810775756836,28.0,18.0,1,0,0
12-09-2019 18:09:50,27.951658248901367,28.0,18.0,1,0,0
12-09-2019 18:11:49,27.69202423095703,28.0,18.0,1,0,0
12-09-2019 18:11:53,27.684663772583008,28.0,18.0,1,0,0
12-09-2019 18:11:57,27.67620086669922,28.0,18.0,1,0,0
12-09-2019 18:12:18,27.636781692504883,27.99333381652832,18.0,1,0,0
12-09-2019 18:12:22,27.663625717163086,27.706621170043945,18.0,1,0,0
12-09-2019 18:12:26,27.764549255371094,27.34671401977539,18.0,1,0,0
12-09-2019 18:12:32,27.866910934448242,27.073333740234375,18.0,1,0,0
12-09-2019 18:12:36,27.939083099365234,26.793420791625977,18.0,1,0,0
12-09-2019 18:12:41,28.008207321166992,26.47344398498535,18.0,1,0,0
12-09-2019 18:12:45,28.0555419921875,26.193397521972656,18.0,1,0,0
12-09-2019 18:12:50,28.103015899658203,25.8668212890625,18.0,1,0,0
12-09-2019 18:12:54,28.134489059448242,25.573509216308594,18.0,1,0,0
12-09-2019 18:12:59,28.162933349609375,25.26679801940918,18.0,1,0,0
12-09-2019 18:13:03,28.187044143676758,24.960153579711914,18.0,1,0,0
12-09-2019 18:13:07,28.203636169433594,24.686906814575195,18.0,1,0,0
12-09-2019 18:13:12,28.212100982666016,24.41352653503418,18.0,1,0,0
12-09-2019 18:13:16,28.226530075073242,24.093616485595703,18.0,1,0,0
12-09-2019 18:13:20,28.234067916870117,23.820302963256836,18.0,1,0,0
12-09-2019 18:13:25,28.2402286529541,23.54032325744629,18.0,1,0,0
12-09-2019 18:13:30,28.246685028076172,23.166950225830078,18.0,1,0,0
12-09-2019 18:13:34,28.24896812438965,22.88703727722168,18.0,1,0,0
12-09-2019 18:13:39,28.250957489013672,22.567060470581055,18.0,1,0,0
12-09-2019 18:13:43,28.249263763427734,22.23375129699707,18.0,1,0,0
12-09-2019 18:13:50,28.223793029785156,21.867111206054688,18.0,1,0,0
12-09-2019 18:13:54,28.196746826171875,21.587064743041992,18.0,1,0,0
12-09-2019 18:14:00,28.168148040771484,21.213825225830078,18.0,1,0,0
12-09-2019 18:14:04,28.133426666259766,20.93384552001953,18.0,1,0,0
12-09-2019 18:14:09,28.056604385375977,20.613868713378906,18.0,1,0,0
12-09-2019 18:14:13,27.929851531982422,20.32715606689453,18.0,1,0,0
12-09-2019 18:14:18,27.645166397094727,20.0,18.0,1,0,0
12-09-2019 18:14:22,27.38203239440918,20.0,18.0,1,0,0
12-09-2019 18:14:27,27.019512176513672,20.0,18.0,1,0,0
12-09-2019 18:14:31,26.710329055786133,20.0,18.0,1,0,0
12-09-2019 18:14:38,26.304603576660156,20.0,18.0,1,0,0
12-09-2019 18:14:42,26.080406188964844,20.0,18.0,1,0,0
12-09-2019 18:14:48,25.806636810302734,20.0,18.0,1,0,0
12-09-2019 18:14:52,25.59014129638672,20.0,18.0,1,0,0
12-09-2019 18:14:57,25.30292320251465,20.0,18.0,1,0,0
12-09-2019 18:15:01,24.949377059936523,20.0,18.0,1,0,0
12-09-2019 18:15:07,24.365673065185547,20.0,18.0,1,0,0
12-09-2019 18:15:11,23.950674057006836,20.0,18.0,1,0,0
12-09-2019 18:15:16,23.499561309814453,20.0,18.0,1,0,0
12-09-2019 18:15:20,23.175825119018555,20.0,18.0,1,0,0
12-09-2019 18:15:25,22.82083511352539,20.0,18.0,1,0,0
12-09-2019 18:15:29,22.456127166748047,20.0,18.0,1,0,0
12-09-2019 18:15:35,22.10188865661621,20.0,18.0,1,0,0
12-09-2019 18:15:39,21.76442527770996,20.0,18.0,1,0,0
12-09-2019 18:15:44,21.453054428100586,20.0,18.0,1,0,0
12-09-2019 18:15:48,21.186765670776367,20.0,18.0,1,0,0
12-09-2019 18:15:52,20.922035217285156,20.0,18.0,1,0,0
12-09-2019 18:15:57,20.707542419433594,20.0,18.0,1,0,0
12-09-2019 18:16:01,20.490625381469727,20.0,18.0,1,0,0
12-09-2019 18:16:06,20.24923324584961,20.0,18.0,1,0,0
12-09-2019 18:16:11,20.07906150817871,20.0,18.0,1,0,0
12-09-2019 18:16:16,19.878482818603516,20.0,18.0,1,0,0
12-09-2019 18:16:20,19.763439178466797,20.0,18.0,1,0,0
12-09-2019 18:16:26,19.617290496826172,20.0,18.0,1,0,0
12-09-2019 18:16:30,19.532548904418945,20.0,18.0,1,0,0
12-09-2019 18:16:36,19.48110580444336,20.0,18.0,1,0,0
12-09-2019 18:16:40,19.47987937927246,20.0,18.0,1,0,0
12-09-2019 18:16:45,19.51153564453125,20.0,18.0,1,0,0
12-09-2019 18:16:49,19.554752349853516,20.0,18.0,1,0,0
12-09-2019 18:16:55,19.63189125061035,20.0,18.0,1,0,0
12-09-2019 18:16:59,19.706613540649414,20.0,18.0,1,0,0
12-09-2019 18:17:04,19.78377342224121,20.0,18.0,1,0,0
12-09-2019 18:17:08,19.84881019592285,20.0,18.0,1,0,0
12-09-2019 18:17:13,19.89801788330078,20.0,18.0,1,0,0
12-09-2019 18:17:17,19.928918838500977,20.0,18.0,1,0,0
12-09-2019 18:17:23,19.948081970214844,20.0,18.0,1,0,0
12-09-2019 18:17:27,19.918508529663086,20.0,18.0,1,0,0
12-09-2019 18:17:34,19.838165283203125,20.0,18.0,1,0,0
12-09-2019 18:17:38,19.76359748840332,20.0,18.0,1,0,0
12-09-2019 18:17:44,19.647485733032227,20.0,18.0,1,0,0
12-09-2019 18:17:48,19.562257766723633,20.0,18.0,1,0,0
12-09-2019 18:17:54,19.441301345825195,20.0,18.0,1,0,0
12-09-2019 18:18:04,19.290952682495117,20.0,18.0,1,0,0
12-09-2019 18:18:08,19.241657257080078,20.0,18.0,1,0,0
12-09-2019 18:18:13,19.198287963867188,20.0,18.0,1,0,0
12-09-2019 18:18:25,19.153554916381836,20.0,18.0,1,0,0
12-09-2019 18:18:36,19.14109992980957,20.0,18.0,1,0,0
12-09-2019 18:18:43,19.14154815673828,20.0,18.0,1,0,0
12-09-2019 18:18:54,19.14776611328125,20.0,18.0,1,0,0
12-09-2019 18:18:59,19.144275665283203,20.0,18.0,1,0,0
12-09-2019 18:19:03,19.14852523803711,20.0,18.0,1,0,0
12-09-2019 18:19:07,19.14558219909668,20.0,18.0,1,0,0
12-09-2019 18:19:12,19.145795822143555,20.0,18.0,1,0,0
12-09-2019 18:19:16,19.14883804321289,20.0,18.0,1,0,0
12-09-2019 18:19:21,19.14990997314453,20.0,18.0,1,0,0
12-09-2019 18:19:26,19.154470443725586,20.0,18.0,1,0,0
12-09-2019 18:19:31,19.159343719482422,20.0,18.0,1,0,0
12-09-2019 18:19:35,19.163143157958984,20.0,18.0,1,0,0
12-09-2019 18:19:41,19.173629760742188,20.0,18.0,1,0,0
12-09-2019 18:19:45,19.17998504638672,20.0,18.0,1,0,0
12-09-2019 18:19:51,19.186594009399414,20.0,18.0,1,0,0
12-09-2019 18:20:02,19.203258514404297,20.0,18.0,1,0,0
12-09-2019 18:20:13,19.22538185119629,20.0,18.0,1,0,0
12-09-2019 18:20:26,19.243743896484375,20.0,18.0,1,0,0
12-09-2019 18:20:31,19.24814796447754,20.0,18.0,1,0,0
12-09-2019 18:20:42,19.262144088745117,20.0,18.0,1,0,0
12-09-2019 18:20:47,19.266704559326172,20.0,18.0,1,0,0
12-09-2019 18:20:51,19.274015426635742,20.0,18.0,1,0,0
12-09-2019 18:20:56,19.282726287841797,20.0,18.0,1,0,0
12-09-2019 18:21:00,19.290035247802734,20.0,18.0,1,0,0
12-09-2019 18:21:05,19.30146026611328,20.0,18.0,1,0,0
12-09-2019 18:21:09,19.311906814575195,20.0,18.0,1,0,0
12-09-2019 18:21:13,19.320484161376953,20.0,18.0,1,0,0
12-09-2019 18:21:19,19.333349227905273,20.0,18.0,1,0,0
12-09-2019 18:21:23,19.346799850463867,20.0,18.0,1,0,0
12-09-2019 18:21:28,19.365629196166992,20.0,18.0,1,0,0
12-09-2019 18:21:32,19.376253128051758,20.0,18.0,1,0,0
12-09-2019 18:21:38,19.391340255737305,20.0,18.0,1,0,0
12-09-2019 18:21:42,19.405471801757812,20.0,18.0,1,0,0
12-09-2019 18:21:48,19.421613693237305,20.0,18.0,1,0,0
12-09-2019 18:21:52,19.431360244750977,20.0,18.0,1,0,0
12-09-2019 18:21:58,19.447324752807617,20.0,18.0,1,0,0
12-09-2019 18:22:02,19.460111618041992,20.0,18.0,1,0,0
12-09-2019 18:22:07,19.47410774230957,20.0,18.0,1,0,0
12-09-2019 18:22:11,19.48340606689453,20.0,18.0,1,0,0
12-09-2019 18:22:17,19.49709129333496,20.0,18.0,1,0,0
12-09-2019 18:22:21,19.50636863708496,20.0,18.0,1,0,0
12-09-2019 18:22:27,19.515939712524414,20.0,18.0,1,0,0
12-09-2019 18:22:31,19.525394439697266,20.0,18.0,1,0,0
12-09-2019 18:22:37,19.53681755065918,20.0,18.0,1,0,0
12-09-2019 18:22:41,19.545473098754883,20.0,18.0,1,0,0
12-09-2019 18:22:47,19.556291580200195,20.0,18.0,1,0,0
12-09-2019 18:22:51,19.562355041503906,20.0,18.0,1,0,0
12-09-2019 18:22:56,19.57241439819336,20.0,18.0,1,0,0
12-09-2019 18:23:00,19.58108901977539,20.0,18.0,1,0,0
12-09-2019 18:23:05,19.58793067932129,20.0,18.0,1,0,0
12-09-2019 18:23:09,19.594772338867188,20.0,18.0,1,0,0
12-09-2019 18:23:14,19.6066837310791,20.0,18.0,1,0,0
12-09-2019 18:23:18,19.615787506103516,20.0,18.0,1,0,0
12-09-2019 18:23:23,19.622318267822266,20.0,18.0,1,0,0
12-09-2019 18:23:28,19.629629135131836,20.0,18.0,1,0,0
12-09-2019 18:23:33,19.64038848876953,20.0,18.0,1,0,0
12-09-2019 18:23:37,19.649375915527344,20.0,18.0,1,0,0
12-09-2019 18:23:43,19.656511306762695,20.0,18.0,1,0,0
12-09-2019 18:23:47,19.663217544555664,20.0,18.0,1,0,0
12-09-2019 18:23:53,19.67341423034668,20.0,18.0,1,0,0
12-09-2019 18:23:57,19.67963218688965,20.0,18.0,1,0,0
12-09-2019 18:24:02,19.684057235717773,20.0,18.0,1,0,0
12-09-2019 18:24:06,19.688169479370117,20.0,18.0,1,0,0
12-09-2019 18:24:10,19.694721221923828,20.0,18.0,1,0,0
12-09-2019 18:24:14,19.701251983642578,20.0,18.0,1,0,0
12-09-2019 18:24:19,19.70561981201172,20.0,18.0,1,0,0
12-09-2019 18:24:24,19.711057662963867,20.0,18.0,1,0,0
12-09-2019 18:24:28,19.717294692993164,20.0,18.0,1,0,0
12-09-2019 18:24:33,19.72503662109375,20.0,18.0,1,0,0
12-09-2019 18:24:37,19.731449127197266,20.0,18.0,1,0,0
12-09-2019 18:24:43,19.737531661987305,20.0,18.0,1,0,0
12-09-2019 18:24:47,19.744529724121094,20.0,18.0,1,0,0
12-09-2019 18:24:53,19.753204345703125,20.0,18.0,1,0,0
12-09-2019 18:24:57,19.760047912597656,20.0,18.0,1,0,0
12-09-2019 18:25:02,19.76263999938965,20.0,18.0,1,0,0
12-09-2019 18:25:07,19.767826080322266,20.0,18.0,1,0,0
12-09-2019 18:25:13,19.774648666381836,20.0,18.0,1,0,0
12-09-2019 18:25:17,19.778470993041992,20.0,18.0,1,0,0
12-09-2019 18:25:23,19.780752182006836,20.0,18.0,1,0,0
12-09-2019 18:25:27,19.783344268798828,20.0,18.0,1,0,0
12-09-2019 18:25:32,19.788822174072266,20.0,18.0,1,0,0
12-09-2019 18:25:37,19.792449951171875,20.0,18.0,1,0,0
12-09-2019 18:25:42,19.796113967895508,20.0,18.0,1,0,0
12-09-2019 18:25:46,19.796424865722656,20.0,18.0,1,0,0
12-09-2019 18:25:51,19.801143646240234,20.0,18.0,1,0,0
12-09-2019 18:25:55,19.806270599365234,20.0,18.0,1,0,0
12-09-2019 18:26:02,19.809215545654297,20.0,18.0,1,0,0
12-09-2019 18:26:06,19.8128604888916,20.0,18.0,1,0,0
12-09-2019 18:26:11,19.816953659057617,20.0,18.0,1,0,0
12-09-2019 18:26:16,19.822452545166016,20.0,18.0,1,0,0
12-09-2019 18:26:20,19.826547622680664,20.0,18.0,1,0,0
12-09-2019 18:26:25,19.8314208984375,20.0,18.0,1,0,0
12-09-2019 18:26:30,19.83106803894043,20.0,18.0,1,0,0
12-09-2019 18:26:34,19.83448028564453,20.0,18.0,1,0,0
12-09-2019 18:26:40,19.840662002563477,20.0,18.0,1,0,0
12-09-2019 18:26:44,19.843448638916016,20.0,18.0,1,0,0
12-09-2019 18:26:51,19.8468017578125,20.0,18.0,1,0,0
12-09-2019 18:26:55,19.849998474121094,20.0,18.0,1,0,0
13-09-2019 13:23:56,24.460241317749023,20.0,18.0,1,0,0
13-09-2019 13:24:00,24.467891693115234,20.0,18.0,1,0,0
13-09-2019 13:24:05,24.484031677246094,20.0,18.0,1,0,0
13-09-2019 13:24:10,24.495513916015625,20.0,18.0,1,0,0
13-09-2019 13:24:14,24.509180068969727,20.0,18.0,1,0,0
13-09-2019 13:24:19,24.525617599487305,20.0,18.0,1,0,0
13-09-2019 13:24:24,24.537885665893555,20.0,18.0,1,0,0
13-09-2019 13:24:29,24.55461883544922,20.0,18.0,1,0,0
13-09-2019 13:24:33,24.566749572753906,20.0,18.0,1,0,0
13-09-2019 13:24:39,24.579315185546875,20.0,18.0,1,0,0
13-09-2019 13:24:43,24.592370986938477,20.0,18.0,1,0,0
13-09-2019 13:24:49,24.607254028320312,20.0,18.0,1,0,0
13-09-2019 13:24:53,24.618167877197266,20.0,18.0,1,0,0
13-09-2019 13:24:58,24.631046295166016,20.0,18.0,1,0,0
13-09-2019 13:25:03,24.64072036743164,20.0,18.0,1,0,0
13-09-2019 13:25:08,24.65576171875,20.0,18.0,1,0,0
13-09-2019 13:25:12,24.661602020263672,20.0,18.0,1,0,0
13-09-2019 13:25:18,24.64543914794922,20.0,18.0,1,0,0
13-09-2019 13:25:22,24.63059425354004,20.0,18.0,1,0,0
13-09-2019 13:25:27,24.61903190612793,20.0,18.0,1,0,0
13-09-2019 13:25:31,24.61647605895996,20.0,18.0,1,0,0
13-09-2019 13:25:36,24.618738174438477,20.0,18.0,1,0,0
13-09-2019 13:25:40,24.623023986816406,20.0,18.0,1,0,0
13-09-2019 13:25:47,24.63627815246582,20.0,18.0,1,0,0
13-09-2019 13:25:51,24.64911651611328,20.0,18.0,1,0,0
13-09-2019 13:25:57,24.66067886352539,20.0,18.0,1,0,0
13-09-2019 13:26:01,24.673715591430664,20.0,18.0,1,0,0
13-09-2019 13:26:06,24.687379837036133,20.0,18.0,1,0,0
13-09-2019 13:26:11,24.69776153564453,20.0,18.0,1,0,0
13-09-2019 13:26:16,24.704524993896484,20.0,18.0,1,0,0
13-09-2019 13:26:20,24.694910049438477,20.0,18.0,1,0,0
13-09-2019 13:26:26,24.65084457397461,20.0,18.0,1,0,0
13-09-2019 13:26:30,24.5789794921875,20.0,18.0,1,0,0
13-09-2019 13:26:36,24.360933303833008,20.0,18.0,1,0,0
13-09-2019 13:26:40,24.154165267944336,20.0,18.0,1,0,0
13-09-2019 13:26:46,23.810749053955078,20.0,18.0,1,0,0
13-09-2019 13:26:51,23.50404167175293,20.0,18.0,1,0,0
13-09-2019 13:26:55,23.22234535217285,20.0,18.0,1,0,0
13-09-2019 13:26:59,22.910703659057617,20.0,18.0,1,0,0
13-09-2019 13:27:05,22.487051010131836,20.0,18.0,1,0,0
13-09-2019 13:27:09,22.196430206298828,20.0,18.0,1,0,0
13-09-2019 13:27:14,21.8831844329834,20.0,18.0,1,0,0
13-09-2019 13:27:18,21.589767456054688,20.0,18.0,1,0,0
13-09-2019 13:27:23,21.277318954467773,20.0,18.0,1,0,0
13-09-2019 13:27:28,21.05582046508789,20.0,18.0,1,0,0
13-09-2019 13:27:33,20.814661026000977,20.0,18.0,1,0,0
13-09-2019 13:27:37,20.64814567565918,20.0,18.0,1,0,0
13-09-2019 13:27:44,20.39090919494629,20.0,18.0,1,0,0
13-09-2019 13:27:48,20.251787185668945,20.0,18.0,1,0,0
13-09-2019 13:27:53,20.086957931518555,20.0,18.0,1,0,0
13-09-2019 13:27:58,19.96824073791504,20.0,18.0,1,0,0
13-09-2019 13:28:03,19.823057174682617,20.0,18.0,1,0,0
13-09-2019 13:28:07,19.736459732055664,20.0,18.0,1,0,0
13-09-2019 13:28:13,19.62736701965332,20.0,18.0,1,0,0
13-09-2019 13:28:17,19.561147689819336,20.0,18.0,1,0,0
13-09-2019 13:28:23,19.465003967285156,20.0,18.0,1,0,0
13-09-2019 13:28:27,19.413249969482422,20.0,18.0,1,0,0
13-09-2019 13:28:32,19.35077667236328,20.0,18.0,1,0,0
13-09-2019 13:28:37,19.30596351623535,20.0,18.0,1,0,0
13-09-2019 13:28:42,19.26580810546875,20.0,18.0,1,0,0
13-09-2019 13:28:46,19.237953186035156,20.0,18.0,1,0,0
13-09-2019 13:28:52,19.212263107299805,20.0,18.0,1,0,0
13-09-2019 13:28:56,19.194896697998047,20.0,18.0,1,0,0
13-09-2019 13:29:02,19.17542266845703,20.0,18.0,1,0,0
13-09-2019 13:29:06,19.157939910888672,20.0,18.0,1,0,0
13-09-2019 13:29:11,19.135114669799805,20.0,18.0,1,0,0
13-09-2019 13:29:15,19.121706008911133,20.0,18.0,1,0,0
13-09-2019 13:29:21,19.107261657714844,20.0,18.0,1,0,0
13-09-2019 13:29:25,19.097206115722656,20.0,18.0,1,0,0
13-09-2019 13:29:31,19.086719512939453,20.0,18.0,1,0,0
13-09-2019 13:29:35,19.075414657592773,20.0,18.0,1,0,0
13-09-2019 13:29:40,19.06249237060547,20.0,18.0,1,0,0
13-09-2019 13:29:45,19.052278518676758,20.0,18.0,1,0,0
13-09-2019 13:29:49,19.034950256347656,20.0,18.0,1,0,0
13-09-2019 13:29:54,19.02750587463379,20.0,18.0,1,0,0
13-09-2019 13:30:00,19.007858276367188,20.0,18.0,1,0,0
13-09-2019 13:30:04,18.99965476989746,20.0,18.0,1,0,0
13-09-2019 13:30:10,18.99142837524414,20.0,18.0,1,0,0
13-09-2019 13:30:14,18.982248306274414,20.0,18.0,1,0,0
13-09-2019 13:30:19,18.980844497680664,20.0,18.0,1,0,0
13-09-2019 13:30:23,18.973848342895508,20.0,18.0,1,0,0
13-09-2019 13:30:29,18.968664169311523,20.0,18.0,1,0,0
13-09-2019 13:30:33,18.96683120727539,20.0,18.0,1,0,0
13-09-2019 13:30:39,18.96607208251953,20.0,18.0,1,0,0
13-09-2019 13:30:43,18.968664169311523,20.0,18.0,1,0,0
13-09-2019 13:30:49,18.9721736907959,20.0,18.0,1,0,0
13-09-2019 13:30:53,18.972463607788086,20.0,18.0,1,0,0
13-09-2019 13:30:58,18.97780418395996,20.0,18.0,1,0,0
13-09-2019 13:31:02,18.98462677001953,20.0,18.0,1,0,0
13-09-2019 13:31:07,18.987686157226562,20.0,18.0,1,0,0
13-09-2019 13:31:11,18.989810943603516,20.0,18.0,1,0,0
13-09-2019 13:31:16,19.002246856689453,20.0,18.0,1,0,0
13-09-2019 13:31:21,19.006338119506836,20.0,18.0,1,0,0
13-09-2019 13:31:26,19.01506996154785,20.0,18.0,1,0,0
13-09-2019 13:31:30,19.02497100830078,20.0,18.0,1,0,0
13-09-2019 13:31:35,19.03941535949707,20.0,18.0,1,0,0
13-09-2019 13:31:39,19.046722412109375,20.0,18.0,1,0,0
13-09-2019 13:31:43,19.05792999267578,20.0,18.0,1,0,0
13-09-2019 13:31:47,19.0723934173584,20.0,18.0,1,0,0
13-09-2019 13:31:51,19.088979721069336,20.0,18.0,1,0,0
13-09-2019 13:31:57,19.10317039489746,20.0,18.0,1,0,0
13-09-2019 13:32:01,19.117572784423828,20.0,18.0,1,0,0
13-09-2019 13:32:07,19.13507652282715,20.0,18.0,1,0,0
13-09-2019 13:32:11,19.151351928710938,20.0,18.0,1,0,0
13-09-2019 13:32:20,19.18072509765625,20.0,18.0,1,0,0
13-09-2019 13:32:25,19.19684600830078,20.0,18.0,1,0,0
13-09-2019 13:32:29,19.213415145874023,20.0,18.0,1,0,0
13-09-2019 13:32:34,19.231443405151367,20.0,18.0,1,0,0
13-09-2019 13:32:38,19.24645233154297,20.0,18.0,1,0,0
13-09-2019 13:32:43,19.26409149169922,20.0,18.0,1,0,0
13-09-2019 13:32:48,19.28206443786621,20.0,18.0,1,0,0
13-09-2019 13:32:53,19.297874450683594,20.0,18.0,1,0,0
13-09-2019 13:32:57,19.312978744506836,20.0,18.0,1,0,0
13-09-2019 13:33:01,19.323894500732422,20.0,18.0,1,0,0
13-09-2019 13:33:05,19.339256286621094,20.0,18.0,1,0,0
13-09-2019 13:33:09,19.355239868164062,20.0,18.0,1,0,0
13-09-2019 13:33:15,19.372743606567383,20.0,18.0,1,0,0
13-09-2019 13:33:19,19.389020919799805,20.0,18.0,1,0,0
13-09-2019 13:33:24,19.40330696105957,20.0,18.0,1,0,0
13-09-2019 13:33:29,19.419157028198242,20.0,18.0,1,0,0
13-09-2019 13:33:34,19.436037063598633,20.0,18.0,1,0,0
13-09-2019 13:33:38,19.44972038269043,20.0,18.0,1,0,0
13-09-2019 13:33:44,19.467674255371094,20.0,18.0,1,0,0
13-09-2019 13:33:48,19.48184585571289,20.0,18.0,1,0,0
13-09-2019 13:33:54,19.49506378173828,20.0,18.0,1,0,0
13-09-2019 13:33:58,19.510305404663086,20.0,18.0,1,0,0
13-09-2019 13:34:03,19.52642822265625,20.0,18.0,1,0,0
13-09-2019 13:34:08,19.54286003112793,20.0,18.0,1,0,0
13-09-2019 13:34:13,19.5551815032959,20.0,18.0,1,0,0
13-09-2019 13:34:17,19.56943130493164,20.0,18.0,1,0,0
13-09-2019 13:34:23,19.585416793823242,20.0,18.0,1,0,0
13-09-2019 13:34:27,19.602161407470703,20.0,18.0,1,0,0
13-09-2019 13:34:33,19.614931106567383,20.0,18.0,1,0,0
13-09-2019 13:34:37,19.627426147460938,20.0,18.0,1,0,0
13-09-2019 13:34:42,19.6429443359375,20.0,18.0,1,0,0
13-09-2019 13:34:46,19.658870697021484,20.0,18.0,1,0,0
13-09-2019 13:34:52,19.672828674316406,20.0,18.0,1,0,0
13-09-2019 13:34:56,19.685150146484375,20.0,18.0,1,0,0
13-09-2019 13:35:02,19.694896697998047,20.0,18.0,1,0,0
13-09-2019 13:35:06,19.709653854370117,20.0,18.0,1,0,0
13-09-2019 13:35:11,19.72593116760254,20.0,18.0,1,0,0
13-09-2019 13:35:16,19.731409072875977,20.0,18.0,1,0,0
13-09-2019 13:35:21,19.743749618530273,20.0,18.0,1,0,0
13-09-2019 13:35:25,19.75575828552246,20.0,18.0,1,0,0
13-09-2019 13:35:31,19.76749610900879,20.0,18.0,1,0,0
13-09-2019 13:35:35,19.780420303344727,20.0,18.0,1,0,0
13-09-2019 13:35:41,19.788179397583008,20.0,18.0,1,0,0
13-09-2019 13:35:45,19.79816246032715,20.0,18.0,1,0,0
13-09-2019 13:35:50,19.810344696044922,20.0,18.0,1,0,0
13-09-2019 13:35:55,19.8200740814209,20.0,18.0,1,0,0
13-09-2019 13:36:00,19.830581665039062,20.0,18.0,1,0,0
13-09-2019 13:36:04,19.839862823486328,20.0,18.0,1,0,0
13-09-2019 13:36:10,19.8490047454834,20.0,18.0,1,0,0
13-09-2019 13:36:14,19.857681274414062,20.0,18.0,1,0,0
13-09-2019 13:36:20,19.866804122924805,20.0,18.0,1,0,0
13-09-2019 13:36:24,19.875167846679688,20.0,18.0,1,0,0
13-09-2019 13:36:29,19.881717681884766,20.0,18.0,1,0,0
13-09-2019 13:36:34,19.8916015625,20.0,18.0,1,0,0
13-09-2019 13:36:39,19.898155212402344,20.0,18.0,1,0,0
13-09-2019 13:36:43,19.902734756469727,20.0,18.0,1,0,0
13-09-2019 13:36:49,19.910221099853516,20.0,18.0,1,0,0
13-09-2019 13:36:53,19.91655731201172,20.0,18.0,1,0,0
13-09-2019 13:36:59,19.918546676635742,20.0,18.0,1,0,0
13-09-2019 13:37:03,19.922212600708008,20.0,18.0,1,0,0
13-09-2019 13:37:08,19.926462173461914,20.0,18.0,1,0,0
13-09-2019 13:37:13,19.929658889770508,20.0,18.0,1,0,0
13-09-2019 13:37:18,19.93088722229004,20.0,18.0,1,0,0
13-09-2019 13:37:22,19.935136795043945,20.0,18.0,1,0,0
13-09-2019 13:37:28,19.93938636779785,20.0,18.0,1,0,0
13-09-2019 13:37:32,19.942291259765625,20.0,18.0,1,0,0
13-09-2019 13:37:38,19.94426155090332,20.0,18.0,1,0,0
13-09-2019 13:37:42,19.947614669799805,20.0,18.0,1,0,0
13-09-2019 13:37:47,19.951126098632812,20.0,18.0,1,0,0
13-09-2019 13:37:51,19.952646255493164,20.0,18.0,1,0,0
13-09-2019 13:37:57,19.954906463623047,20.0,18.0,1,0,0
13-09-2019 13:38:01,19.95582389831543,20.0,18.0,1,0,0
13-09-2019 13:38:07,19.95781135559082,20.0,18.0,1,0,0
13-09-2019 13:38:11,19.95734405517578,20.0,18.0,1,0,0
13-09-2019 13:38:17,19.95718765258789,20.0,18.0,1,0,0
13-09-2019 13:38:21,19.959331512451172,20.0,18.0,1,0,0
13-09-2019 13:38:26,19.959936141967773,20.0,18.0,1,0,0
13-09-2019 13:38:30,19.95901870727539,20.0,18.0,1,0,0
13-09-2019 13:38:36,19.95810317993164,20.0,18.0,1,0,0
13-09-2019 13:38:40,19.958415985107422,20.0,18.0,1,0,0
13-09-2019 13:38:46,19.959272384643555,20.0,18.0,1,0,0
13-09-2019 13:38:50,19.956544876098633,20.0,18.0,1,0,0
13-09-2019 13:38:55,19.9547119140625,20.0,18.0,1,0,0
13-09-2019 13:39:00,19.95669937133789,20.0,18.0,1,0,0
13-09-2019 13:39:05,19.956077575683594,20.0,18.0,1,0,0
13-09-2019 13:39:09,19.9541072845459,20.0,18.0,1,0,0
13-09-2019 13:39:15,19.95426368713379,20.0,18.0,1,0,0
13-09-2019 13:39:19,19.956544876098633,20.0,18.0,1,0,0
13-09-2019 13:39:50,19.861677169799805,19.993366241455078,18.0,1,0,0
13-09-2019 13:39:55,19.85774040222168,19.81664276123047,18.0,1,0,0
13-09-2019 13:40:00,19.87091827392578,19.64665412902832,18.0,1,0,0
13-09-2019 13:40:05,19.88446807861328,19.476633071899414,18.0,1,0,0
13-09-2019 13:40:11,19.89725685119629,19.30657958984375,18.0,1,0,0
13-09-2019 13:40:16,19.913536071777344,19.133251190185547,18.0,1,0,0
13-09-2019 13:40:21,19.928762435913086,18.963224411010742,18.0,1,0,0
13-09-2019 13:40:26,19.948549270629883,18.773197174072266,18.0,1,0,0
13-09-2019 13:40:32,19.96904182434082,18.579837799072266,18.0,1,0,0
13-09-2019 13:40:37,19.99054527282715,18.37644386291504,18.0,1,0,0
13-09-2019 13:40:44,20.014429092407227,18.20645523071289,18.0,1,0,0
13-09-2019 13:40:49,20.034061431884766,18.036434173583984,18.0,1,0,0
13-09-2019 13:40:54,20.056289672851562,18.0,18.0,1,0,0
13-09-2019 13:40:59,20.077129364013672,18.0,18.0,1,0,0
13-09-2019 13:41:04,20.100566864013672,18.0,18.0,1,0,0
13-09-2019 13:41:11,20.126710891723633,18.0,18.0,1,0,0
13-09-2019 13:41:16,20.14653968811035,18.0,18.0,1,0,0
13-09-2019 13:41:23,20.175765991210938,18.0,18.0,1,0,0
13-09-2019 13:41:28,20.193099975585938,18.0,18.0,1,0,0
13-09-2019 13:41:33,20.204524993896484,18.0,18.0,1,0,0
13-09-2019 13:41:38,20.19230079650879,18.0,18.0,1,0,0
13-09-2019 13:41:43,20.099454879760742,18.0,18.0,1,0,0
13-09-2019 13:41:49,19.94428253173828,18.0,18.0,1,0,0
13-09-2019 13:41:54,19.67462158203125,18.0,18.0,1,0,0
13-09-2019 13:42:02,19.207313537597656,18.0,18.0,1,0,0
13-09-2019 13:42:07,18.84671401977539,18.0,18.0,1,0,0
13-09-2019 13:42:12,18.483583450317383,18.0,18.0,1,0,0
13-09-2019 13:42:17,18.15846824645996,18.0,18.0,1,0,0
13-09-2019 13:42:22,17.863859176635742,18.0,18.0,1,0,0
13-09-2019 13:42:28,17.626298904418945,18.0,18.0,1,0,0
13-09-2019 13:42:33,17.444005966186523,18.0,18.0,1,0,0
13-09-2019 13:42:39,17.289306640625,18.0,18.0,1,0,0
13-09-2019 13:42:44,17.172208786010742,18.0,18.0,1,0,0
13-09-2019 13:42:50,17.098615646362305,18.0,18.0,1,0,0
13-09-2019 13:42:55,17.07839584350586,18.0,18.0,1,0,0
13-09-2019 13:43:01,17.085525512695312,18.0,18.0,1,0,0
13-09-2019 13:43:06,17.11899185180664,18.0,18.0,1,0,0
13-09-2019 13:43:14,17.19700813293457,18.02496910095215,18.0,1,0,0
13-09-2019 13:43:20,17.244441986083984,18.110004425048828,18.0,1,1,0
13-09-2019 13:43:25,17.294761657714844,18.196672439575195,18.0,1,1,0
13-09-2019 13:43:30,17.3450984954834,18.283374786376953,18.0,1,1,0
13-09-2019 13:43:35,17.40046501159668,18.37004280090332,18.0,1,1,0
13-09-2019 13:43:40,17.45413589477539,18.46508026123047,18.0,1,1,0
13-09-2019 13:43:47,17.52637481689453,18.561767578125,18.0,1,1,0
13-09-2019 13:43:52,17.5794620513916,18.648435592651367,18.0,1,1,0
13-09-2019 13:43:58,17.648801803588867,18.75847625732422,18.0,1,1,0
13-09-2019 13:44:04,17.705535888671875,18.84516143798828,18.0,1,1,0
13-09-2019 13:44:09,17.75541114807129,18.93182945251465,18.0,1,1,0
13-09-2019 13:44:14,17.806049346923828,19.01851463317871,18.0,1,1,0
13-09-2019 13:44:19,17.856863021850586,19.10686683654785,18.0,1,1,0
13-09-2019 13:44:26,17.914165496826172,19.211889266967773,18.0,1,1,0
13-09-2019 13:44:31,17.962078094482422,19.31191062927246,18.0,1,1,0
13-09-2019 13:44:38,18.01984977722168,19.41026496887207,18.0,1,1,0
13-09-2019 13:44:43,18.059852600097656,19.496967315673828,18.0,1,1,0
13-09-2019 13:44:48,18.106246948242188,19.58365249633789,18.0,1,1,0
13-09-2019 13:44:53,18.146875381469727,19.670337677001953,18.0,1,1,0
13-09-2019 13:44:58,18.19660186767578,19.75700569152832,18.0,1,1,0
13-09-2019 13:45:05,18.26519203186035,19.873714447021484,18.0,1,1,0
13-09-2019 13:45:10,18.317028045654297,19.962066650390625,18.0,1,1,0
13-09-2019 13:45:16,18.375761032104492,20.06040382385254,18.0,1,1,0
13-09-2019 13:45:22,18.429428100585938,20.147106170654297,18.0,1,1,0
13-09-2019 13:45:27,18.489486694335938,20.23379135131836,18.0,1,1,0
13-09-2019 13:45:32,18.543935775756836,20.320459365844727,18.0,1,1,0
13-09-2019 13:45:37,18.607837677001953,20.408828735351562,18.0,1,1,0
13-09-2019 13:45:43,18.67842674255371,20.50383186340332,18.0,1,1,0
13-09-2019 13:45:48,18.754627227783203,20.612205505371094,18.0,1,1,0
13-09-2019 13:45:56,18.84075164794922,20.710559844970703,18.0,1,1,0
13-09-2019 13:46:01,18.914072036743164,20.797245025634766,18.0,1,1,0
13-09-2019 13:46:06,18.982540130615234,20.883930206298828,18.0,1,1,0
13-09-2019 13:46:11,19.05921745300293,20.97061538696289,18.0,1,1,0
13-09-2019 13:46:16,19.135915756225586,21.06063461303711,18.0,1,1,0
13-09-2019 13:46:25,19.26050567626953,21.1989803314209,18.0,1,1,0
13-09-2019 13:46:30,19.33461570739746,21.28566551208496,18.0,1,1,0
13-09-2019 13:46:35,19.417264938354492,21.37236785888672,18.0,1,1,0
13-09-2019 13:46:40,19.493328094482422,21.459035873413086,18.0,1,1,0
13-09-2019 13:46:46,19.573837280273438,21.547405242919922,18.0,1,1,0
13-09-2019 13:46:51,19.66543960571289,21.642425537109375,18.0,1,1,0
13-09-2019 13:46:57,19.7578067779541,21.739112854003906,18.0,1,1,0
13-09-2019 13:47:04,19.868755340576172,21.849119186401367,18.0,1,1,0
13-09-2019 13:47:09,19.958845138549805,21.93580436706543,18.0,1,1,0
13-09-2019 13:47:14,20.04418182373047,22.022489547729492,18.0,1,1,0
13-09-2019 13:47:19,20.135387420654297,22.10919189453125,18.0,1,1,0
13-09-2019 13:47:25,20.229755401611328,22.197526931762695,18.0,1,1,0
13-09-2019 13:47:30,20.315898895263672,22.284229278564453,18.0,1,1,0
13-09-2019 13:47:35,20.421228408813477,22.389251708984375,18.0,1,1,0
13-09-2019 13:47:43,20.563398361206055,22.500925064086914,18.0,1,1,0
13-09-2019 13:47:48,20.662944793701172,22.587627410888672,18.0,1,1,0
13-09-2019 13:47:53,20.762359619140625,22.67429542541504,18.0,1,1,0
13-09-2019 13:47:58,20.867490768432617,22.75933074951172,18.0,1,1,0
13-09-2019 13:48:04,20.976213455200195,22.847665786743164,18.0,1,1,0
13-09-2019 13:48:10,21.106040954589844,22.951021194458008,18.0,1,1,0
13-09-2019 13:48:15,21.213054656982422,23.039390563964844,18.0,1,1,0
13-09-2019 13:48:22,21.340551376342773,23.149396896362305,18.0,1,1,0
13-09-2019 13:48:27,21.448606491088867,23.236082077026367,18.0,1,1,0
13-09-2019 13:48:32,21.562379837036133,23.32276725769043,18.0,1,1,0
13-09-2019 13:48:37,21.669273376464844,23.409452438354492,18.0,1,1,0
13-09-2019 13:48:43,21.784244537353516,23.497804641723633,18.0,1,1,0
13-09-2019 13:48:48,21.898555755615234,23.58450698852539,18.0,1,1,0
13-09-2019 13:48:53,22.012306213378906,23.701181411743164,18.0,1,1,0
13-09-2019 13:49:01,22.181642532348633,23.799535751342773,18.0,1,1,0
13-09-2019 13:49:06,22.28997802734375,23.886220932006836,18.0,1,1,0
13-09-2019 13:49:11,22.40536117553711,23.9729061126709,18.0,1,1,0
13-09-2019 13:49:16,22.512474060058594,24.0,18.0,1,1,0
13-09-2019 13:49:22,22.631532669067383,24.0,18.0,1,1,0
13-09-2019 13:49:27,22.760393142700195,24.0,18.0,1,1,0
13-09-2019 13:49:33,22.892484664916992,24.0,18.0,1,1,0
13-09-2019 13:49:40,23.03968620300293,24.0,18.0,1,1,0
13-09-2019 13:49:45,23.16104507446289,24.0,18.0,1,1,0
13-09-2019 13:49:50,23.271404266357422,24.0,18.0,1,1,0
13-09-2019 13:49:55,23.394306182861328,24.0,18.0,1,1,0
13-09-2019 13:50:01,23.504789352416992,24.0,18.0,1,1,0
13-09-2019 13:50:07,23.64252281188965,24.0,18.0,1,1,0
13-09-2019 13:50:12,23.75796890258789,24.0,18.0,1,1,0
13-09-2019 13:50:19,23.90520477294922,24.0,18.0,1,1,0
13-09-2019 13:50:24,24.016944885253906,24.0,18.0,1,1,0
13-09-2019 13:50:29,24.121139526367188,24.0,18.0,1,1,0
13-09-2019 13:50:34,24.22826385498047,24.0,18.0,1,1,0
13-09-2019 13:50:40,24.333900451660156,24.0,18.0,1,1,0
13-09-2019 13:50:45,24.447559356689453,24.0,18.0,1,1,0
13-09-2019 13:50:51,24.549800872802734,24.0,18.0,1,1,0
13-09-2019 13:50:58,24.67522621154785,24.0,18.0,1,1,0
13-09-2019 13:51:03,24.77403450012207,24.0,18.0,1,1,0
13-09-2019 13:51:08,24.8704833984375,24.0,18.0,1,1,0
13-09-2019 13:51:13,24.955198287963867,24.0,18.0,1,1,0
13-09-2019 13:51:19,25.039894104003906,24.0,18.0,1,1,0
13-09-2019 13:51:27,25.164846420288086,24.0,18.0,1,1,0
13-09-2019 13:51:32,25.240266799926758,24.0,18.0,1,1,0
13-09-2019 13:54:03,24.44838523864746,24.0,18.0,1,1,0
13-09-2019 13:54:07,24.427309036254883,24.0,18.0,1,1,0
13-09-2019 13:54:12,24.407825469970703,24.0,18.0,1,1,0
13-09-2019 13:54:17,24.386808395385742,24.0,18.0,1,1,0
13-09-2019 13:54:21,24.366241455078125,24.0,18.0,1,1,0
13-09-2019 13:54:26,24.348724365234375,24.0,18.0,1,1,0
13-09-2019 13:54:57,24.22509765625,24.0,18.0,1,1,0
13-09-2019 13:55:01,24.209726333618164,24.0,18.0,1,1,0
13-09-2019 13:55:05,24.19495964050293,24.0,18.0,1,1,0
13-09-2019 13:55:26,24.1286678314209,24.0,18.0,1,1,0
13-09-2019 13:55:30,24.116891860961914,24.0,18.0,1,1,0
13-09-2019 13:55:34,24.10061264038086,24.0,18.0,1,1,0
13-09-2019 13:55:39,24.086301803588867,24.0,18.0,1,1,0
13-09-2019 13:56:10,24.000823974609375,24.0,18.0,1,1,0
13-09-2019 13:56:17,23.98102569580078,24.0,18.0,1,1,0
13-09-2019 13:56:40,23.924863815307617,24.0,18.0,1,1,0
13-09-2019 13:56:46,23.91120147705078,24.0,18.0,1,1,0
13-09-2019 13:59:02,23.669353485107422,24.0,18.0,1,1,0
13-09-2019 13:59:13,23.654531478881836,24.0,18.0,1,1,0
13-09-2019 13:59:20,23.64588165283203,24.0,18.0,1,1,0
13-09-2019 13:59:26,23.63627052307129,24.0,18.0,1,1,0
13-09-2019 14:00:54,23.54084014892578,24.0,18.0,1,1,0
13-09-2019 14:01:03,23.533920288085938,24.0,18.0,1,1,0
13-09-2019 14:01:46,23.498598098754883,24.0,18.0,1,1,0
13-09-2019 14:02:13,23.478195190429688,24.0,18.0,1,1,0
13-09-2019 14:02:21,23.47159194946289,24.0,18.0,1,1,0
13-09-2019 14:02:31,23.463611602783203,24.0,18.0,1,1,0
13-09-2019 14:02:41,23.457183837890625,24.0,18.0,1,1,0
13-09-2019 14:02:47,23.452878952026367,24.0,18.0,1,1,0
13-09-2019 14:02:54,23.446727752685547,24.0,18.0,1,1,0
13-09-2019 14:03:00,23.43982696533203,24.0,18.0,1,1,0
13-09-2019 14:03:10,23.43174934387207,24.0,18.0,1,1,0
13-09-2019 14:03:18,23.427404403686523,24.0,18.0,1,1,0
13-09-2019 14:03:24,23.42192268371582,24.0,18.0,1,1,0
13-09-2019 14:03:30,23.417577743530273,24.0,18.0,1,1,0
13-09-2019 14:05:21,23.338623046875,24.0,18.0,1,1,0
13-09-2019 14:05:27,23.334476470947266,24.0,18.0,1,1,0
13-09-2019 14:05:34,23.33026885986328,24.0,18.0,1,1,0
13-09-2019 14:06:07,23.310495376586914,24.0,18.0,1,1,0
13-09-2019 14:06:16,23.30481719970703,24.0,18.0,1,1,0
13-09-2019 14:06:24,23.300098419189453,24.0,18.0,1,1,0
13-09-2019 14:06:30,23.29713249206543,24.0,18.0,1,1,0
13-09-2019 14:06:37,23.2928466796875,24.0,18.0,1,1,0
13-09-2019 15:08:32,22.930965423583984,24.0,18.0,1,1,0
13-09-2019 15:08:34,22.931947708129883,24.0,18.0,1,1,0
13-09-2019 15:08:36,22.931947708129883,24.0,18.0,1,1,0
13-09-2019 15:08:40,22.932104110717773,24.0,18.0,1,1,0
13-09-2019 15:08:42,22.93163299560547,24.0,18.0,1,1,0
13-09-2019 15:08:45,22.931791305541992,24.0,18.0,1,1,0
13-09-2019 15:08:58,22.9306697845459,24.0,18.0,1,1,0
13-09-2019 15:09:01,22.931121826171875,24.0,18.0,1,1,0
13-09-2019 15:09:04,22.928979873657227,24.0,18.0,1,1,0
13-09-2019 15:09:06,22.929431915283203,24.0,18.0,1,1,0
13-09-2019 15:11:09,22.925796508789062,24.0,18.0,1,1,0
13-09-2019 15:11:12,22.92528533935547,24.0,18.0,1,1,0
13-09-2019 15:11:14,22.925796508789062,24.0,18.0,1,1,0
13-09-2019 15:11:16,22.925756454467773,24.0,18.0,1,1,0
13-09-2019 15:14:01,22.919330596923828,24.0,18.0,1,1,0
13-09-2019 15:14:04,22.91968536376953,24.0,18.0,1,1,0
13-09-2019 15:15:22,22.915950775146484,24.0,18.0,1,1,0
13-09-2019 15:15:25,22.91675567626953,24.0,18.0,1,1,0
13-09-2019 15:15:27,22.91716957092285,24.0,18.0,1,1,0
13-09-2019 15:26:50,22.900955200195312,24.0,18.0,1,1,0
13-09-2019 15:27:04,22.90003204345703,24.0,18.0,1,1,0
13-09-2019 15:27:07,22.900325775146484,24.0,18.0,1,1,0
13-09-2019 15:27:09,22.898635864257812,24.0,18.0,1,1,0
13-09-2019 15:27:10,22.90079689025879,24.0,18.0,1,1,0
13-09-2019 15:27:36,22.900129318237305,24.0,18.0,1,1,0
13-09-2019 15:27:39,22.90003204345703,24.0,18.0,1,1,0
13-09-2019 15:30:40,22.897281646728516,24.0,18.0,1,1,0
13-09-2019 15:30:42,22.89682960510254,24.0,18.0,1,1,0
13-09-2019 15:30:47,22.896671295166016,24.0,18.0,1,1,0
13-09-2019 15:31:04,22.897693634033203,24.0,18.0,1,1,0
13-09-2019 15:31:16,22.896455764770508,24.0,18.0,1,1,0
13-09-2019 15:31:18,22.89543342590332,24.0,18.0,1,1,0
13-09-2019 15:31:20,22.89543342590332,24.0,18.0,1,1,0
13-09-2019 15:31:22,22.894981384277344,24.0,18.0,1,1,0
13-09-2019 15:32:05,22.89451026916504,24.0,18.0,1,1,0
13-09-2019 15:32:08,22.89466667175293,24.0,18.0,1,1,0
13-09-2019 15:32:11,22.895906448364258,24.0,18.0,1,1,0
13-09-2019 15:32:13,22.894824981689453,24.0,18.0,1,1,0
13-09-2019 15:36:37,22.892820358276367,24.0,18.0,1,1,0
13-09-2019 15:36:39,22.8916015625,24.0,18.0,1,1,0
13-09-2019 15:36:41,22.891149520874023,24.0,18.0,1,1,0
13-09-2019 15:36:51,22.89175796508789,24.0,18.0,1,1,0
13-09-2019 15:36:53,22.891286849975586,24.0,18.0,1,1,0
13-09-2019 15:36:56,22.892210006713867,24.0,18.0,1,1,0
13-09-2019 15:38:12,22.891149520874023,24.0,18.0,1,1,0
13-09-2019 15:38:14,22.889753341674805,24.0,18.0,1,1,0
13-09-2019 15:38:16,22.8909912109375,24.0,18.0,1,1,0
13-09-2019 15:38:21,22.891443252563477,24.0,18.0,1,1,0
13-09-2019 15:44:06,22.88790512084961,24.0,18.0,1,1,0
13-09-2019 15:44:08,22.887453079223633,24.0,18.0,1,1,0
13-09-2019 15:44:10,22.887001037597656,24.0,18.0,1,1,0
13-09-2019 15:44:13,22.887767791748047,24.0,18.0,1,1,0
13-09-2019 15:44:53,22.887453079223633,24.0,18.0,1,1,0
13-09-2019 15:44:55,22.886844635009766,24.0,18.0,1,1,0
13-09-2019 15:45:07,22.88713836669922,24.0,18.0,1,1,0
13-09-2019 15:45:09,22.886686325073242,24.0,18.0,1,1,0
13-09-2019 15:45:11,22.886844635009766,24.0,18.0,1,1,0
13-09-2019 15:45:13,22.886077880859375,24.0,18.0,1,1,0
13-09-2019 16:16:40,22.893644332885742,24.0,18.0,1,1,0
13-09-2019 16:16:42,22.892879486083984,24.0,18.0,1,1,0
13-09-2019 16:16:44,22.89389991760254,24.0,18.0,1,1,0
13-09-2019 16:16:47,22.894195556640625,24.0,18.0,1,1,0
13-09-2019 16:17:44,22.895177841186523,24.0,18.0,1,1,0
13-09-2019 16:17:47,22.896102905273438,24.0,18.0,1,1,0
13-09-2019 16:17:49,22.895021438598633,24.0,18.0,1,1,0
13-09-2019 16:17:51,22.896711349487305,24.0,18.0,1,1,0
13-09-2019 16:20:07,22.899147033691406,24.0,18.0,1,1,0
13-09-2019 16:20:09,22.898950576782227,24.0,18.0,1,1,0
13-09-2019 16:20:12,22.897634506225586,24.0,18.0,1,1,0
13-09-2019 16:20:14,22.897871017456055,24.0,18.0,1,1,0
13-09-2019 16:23:30,22.902822494506836,24.0,18.0,1,1,0
13-09-2019 16:23:33,22.90233039855957,24.0,18.0,1,1,0
13-09-2019 16:23:42,22.902467727661133,24.0,18.0,1,1,0
13-09-2019 16:25:36,22.905397415161133,24.0,18.0,1,1,0
13-09-2019 16:25:38,22.90543556213379,24.0,18.0,1,1,0
13-09-2019 16:25:42,22.905141830444336,24.0,18.0,1,1,0
13-09-2019 16:25:44,22.906064987182617,24.0,18.0,1,1,0
13-09-2019 16:26:28,22.907283782958984,24.0,18.0,1,1,0
13-09-2019 16:26:30,22.906005859375,24.0,18.0,1,1,0
13-09-2019 16:26:32,22.907442092895508,24.0,18.0,1,1,0
13-09-2019 16:26:34,22.9075984954834,24.0,18.0,1,1,0
13-09-2019 16:30:03,22.912961959838867,24.0,18.0,1,1,0
13-09-2019 16:30:06,22.91250991821289,24.0,18.0,1,1,0
13-09-2019 16:30:08,22.912961959838867,24.0,18.0,1,1,0
13-09-2019 16:30:17,22.91250991821289,24.0,18.0,1,1,0
13-09-2019 16:30:19,22.91292381286621,24.0,18.0,1,1,0
13-09-2019 16:30:22,22.911882400512695,24.0,18.0,1,1,0
13-09-2019 16:31:29,22.91602897644043,24.0,18.0,1,1,0
13-09-2019 16:31:31,22.915380477905273,24.0,18.0,1,1,0
13-09-2019 16:31:34,22.916500091552734,24.0,18.0,1,1,0
13-09-2019 16:31:36,22.914810180664062,24.0,18.0,1,1,0
13-09-2019 16:32:35,22.917877197265625,24.0,18.0,1,1,0
13-09-2019 16:32:38,22.917110443115234,24.0,18.0,1,1,0
13-09-2019 16:32:40,22.918485641479492,24.0,18.0,1,1,0
13-09-2019 16:32:42,22.917680740356445,24.0,18.0,1,1,0
13-09-2019 16:37:47,22.92829132080078,24.0,18.0,1,1,0
13-09-2019 16:37:50,22.926464080810547,24.0,18.0,1,1,0
13-09-2019 16:37:52,22.928606033325195,24.0,18.0,1,1,0
13-09-2019 16:37:54,22.927839279174805,24.0,18.0,1,1,0
13-09-2019 17:06:14,23.00301170349121,23.0,18.0,1,1,0
13-09-2019 17:07:37,23.65891456604004,24.383333206176758,18.0,0,0,0
13-09-2019 17:12:14,23.821107864379883,23.0,18.0,1,1,0
13-09-2019 17:12:25,23.89936637878418,23.166667938232422,18.0,0,0,0
13-09-2019 17:12:35,24.007251739501953,23.350000381469727,18.0,0,0,0
13-09-2019 17:12:45,24.10371971130371,23.516666412353516,18.0,0,0,0
13-09-2019 17:12:55,24.189966201782227,23.683332443237305,18.0,0,0,0
13-09-2019 17:13:06,24.26235580444336,23.850000381469727,18.0,0,0,0
13-09-2019 17:13:16,24.322063446044922,24.03333282470703,18.0,0,0,0
13-09-2019 17:36:20,20.06968116760254,23.0,18.0,1,1,0
13-09-2019 17:36:31,20.23131561279297,23.200000762939453,18.0,0,0,0
13-09-2019 17:36:45,20.521728515625,23.433332443237305,18.0,0,0,0
13-09-2019 17:36:55,20.758283615112305,23.600000381469727,18.0,0,0,0
13-09-2019 17:37:06,20.999713897705078,23.766666412353516,18.0,0,0,0
13-09-2019 17:37:16,21.242231369018555,23.933332443237305,18.0,0,0,0
13-09-2019 17:37:26,21.486602783203125,24.116666793823242,18.0,0,0,0
13-09-2019 17:37:36,21.648752212524414,24.166667938232422,18.0,0,0,0
13-09-2019 17:37:47,21.64297866821289,24.166667938232422,18.0,0,0,0
13-09-2019 17:37:57,21.617855072021484,24.166667938232422,18.0,0,0,0
13-09-2019 17:38:07,21.588167190551758,24.166667938232422,18.0,0,0,0
13-09-2019 17:40:24,21.259689331054688,24.166667938232422,18.0,0,0,0
13-09-2019 17:40:35,21.468639373779297,23.183332443237305,18.0,1,1,0
13-09-2019 17:40:49,21.857826232910156,23.399999618530273,18.0,1,1,0
13-09-2019 17:40:59,22.11396598815918,23.566667556762695,18.0,1,1,0
13-09-2019 17:41:09,22.3424015045166,23.75,18.0,1,1,0
13-09-2019 17:41:20,22.54812240600586,23.916667938232422,18.0,1,1,0
13-09-2019 17:41:30,22.72468376159668,24.100000381469727,18.0,1,1,0
13-09-2019 17:41:40,22.89543342590332,24.25,18.0,1,1,0
13-09-2019 17:41:50,23.057588577270508,24.433332443237305,18.0,1,1,0
13-09-2019 17:42:01,23.212989807128906,24.600000381469727,18.0,1,1,0
13-09-2019 17:42:11,23.3564510345459,24.78333282470703,18.0,1,1,0
13-09-2019 17:42:21,23.500171661376953,24.950000762939453,18.0,1,1,0
13-09-2019 17:42:32,23.639493942260742,25.116666793823242,18.0,1,1,0
13-09-2019 17:42:46,23.81978988647461,25.350000381469727,18.0,1,1,0
13-09-2019 17:42:56,23.955293655395508,25.516666412353516,18.0,1,1,0
13-09-2019 17:43:06,24.093399047851562,25.700000762939453,18.0,1,1,0
13-09-2019 17:43:16,24.209272384643555,25.866666793823242,18.0,1,1,0
13-09-2019 17:43:27,24.315162658691406,25.950000762939453,18.0,1,1,0
13-09-2019 17:43:37,24.452062606811523,25.674999237060547,18.0,1,1,0
13-09-2019 17:43:47,24.614490509033203,25.424999237060547,18.0,1,1,0
13-09-2019 17:43:58,24.787445068359375,25.174999237060547,18.0,1,1,0
13-09-2019 17:44:08,24.952898025512695,24.924999237060547,18.0,1,1,0
13-09-2019 17:44:18,25.118377685546875,24.649999618530273,18.0,1,1,0
13-09-2019 17:44:28,25.274091720581055,24.399999618530273,18.0,1,1,0
13-09-2019 17:44:39,25.425090789794922,24.125,18.0,1,1,0
13-09-2019 17:44:52,25.57126235961914,23.799999237060547,18.0,1,1,0
13-09-2019 17:45:03,25.66092872619629,23.549999237060547,18.0,1,1,0
13-09-2019 17:45:13,25.726171493530273,23.299999237060547,18.0,1,1,0
13-09-2019 17:45:23,25.7667293548584,23.024999618530273,18.0,1,1,0
13-09-2019 17:45:34,25.78836441040039,22.774999618530273,18.0,1,1,0
13-09-2019 17:45:44,25.758426666259766,22.5,18.0,1,1,0
13-09-2019 17:45:54,25.56219482421875,22.274999618530273,18.0,1,1,0
13-09-2019 17:46:04,25.141857147216797,22.0,18.0,1,1,0
13-09-2019 17:46:15,24.55815887451172,21.75,18.0,1,1,0
13-09-2019 17:46:25,23.901430130004883,21.475000381469727,18.0,1,1,0
13-09-2019 17:46:35,23.278459548950195,21.225000381469727,18.0,1,1,0
13-09-2019 17:46:45,22.6452693939209,20.950000762939453,18.0,1,1,0
13-09-2019 17:46:59,22.000972747802734,20.625,18.0,1,1,0
13-09-2019 17:47:09,21.61475372314453,20.375,18.0,1,1,0
13-09-2019 17:47:20,21.346168518066406,20.125,18.0,1,1,0
13-09-2019 17:47:30,21.187076568603516,20.125,18.0,1,1,0
13-09-2019 17:47:40,21.07151985168457,20.399999618530273,18.0,1,1,0
13-09-2019 17:47:51,20.960533142089844,20.649999618530273,18.0,1,1,0
13-09-2019 17:48:01,20.888845443725586,20.924999237060547,18.0,1,1,0
13-09-2019 17:48:11,20.89157485961914,21.149999618530273,18.0,1,1,0
13-09-2019 17:48:21,20.943038940429688,21.424999237060547,18.0,1,1,0
13-09-2019 17:48:32,21.017478942871094,21.674999237060547,18.0,1,1,0
13-09-2019 17:48:42,21.11489486694336,21.950000762939453,18.0,1,1,0
13-09-2019 17:48:56,21.26091766357422,22.299999237060547,18.0,1,1,0
13-09-2019 17:49:06,21.354848861694336,22.549999237060547,18.0,1,1,0
13-09-2019 17:49:17,21.463546752929688,22.799999237060547,18.0,1,1,0
13-09-2019 17:49:27,21.57410430908203,23.049999237060547,18.0,1,1,0
13-09-2019 17:49:37,21.691646575927734,23.325000762939453,18.0,1,1,0
13-09-2019 17:49:48,21.818342208862305,23.575000762939453,18.0,1,1,0
13-09-2019 17:49:58,21.953256607055664,23.850000381469727,18.0,1,1,0
13-09-2019 17:50:08,22.09625244140625,24.075000762939453,18.0,1,1,0
13-09-2019 17:50:18,22.24200439453125,24.350000381469727,18.0,1,1,0
13-09-2019 17:50:29,22.393518447875977,24.600000381469727,18.0,1,1,0
13-09-2019 17:50:39,22.558462142944336,24.875,18.0,1,1,0
13-09-2019 17:50:49,22.729366302490234,25.125,18.0,1,1,0
13-09-2019 17:51:03,22.970703125,25.450000762939453,18.0,1,1,0
13-09-2019 17:51:13,23.168161392211914,25.725000381469727,18.0,1,1,0
13-09-2019 17:51:23,23.376340866088867,25.975000381469727,18.0,1,1,0
13-09-2019 17:51:34,23.586088180541992,25.774999618530273,18.0,1,1,0
13-09-2019 17:51:44,23.80522346496582,25.524999618530273,18.0,1,1,0
13-09-2019 17:51:54,24.03447914123535,25.25,18.0,1,1,0
13-09-2019 17:52:05,24.25452995300293,25.0,18.0,1,1,0
13-09-2019 17:52:15,24.47477149963379,24.75,18.0,1,1,0
13-09-2019 17:52:25,24.686594009399414,24.475000381469727,18.0,1,1,0
13-09-2019 17:52:35,24.882892608642578,24.225000381469727,18.0,1,1,0
13-09-2019 17:52:46,25.060503005981445,23.950000762939453,18.0,1,1,0
13-09-2019 17:53:00,25.27989387512207,23.625,18.0,1,1,0
13-09-2019 17:53:10,25.411914825439453,23.350000381469727,18.0,1,1,0
13-09-2019 17:53:20,25.508777618408203,23.100000381469727,18.0,1,1,0
13-09-2019 17:53:31,25.576021194458008,22.850000381469727,18.0,1,1,0
13-09-2019 17:53:41,25.602434158325195,22.600000381469727,18.0,1,1,0
13-09-2019 17:53:51,25.51922035217285,22.325000762939453,18.0,1,1,0
13-09-2019 17:54:01,25.2580623626709,22.075000762939453,18.0,1,1,0
13-09-2019 17:54:12,24.80647850036621,21.825000762939453,18.0,1,1,0
13-09-2019 17:54:22,24.236286163330078,21.575000762939453,18.0,1,1,0
13-09-2019 17:54:32,23.620014190673828,21.299999237060547,18.0,1,1,0
13-09-2019 17:54:43,23.04233741760254,21.049999237060547,18.0,1,1,0
13-09-2019 17:54:57,22.383939743041992,20.700000762939453,18.0,1,1,0
13-09-2019 17:55:07,22.027835845947266,20.424999237060547,18.0,1,1,0
13-09-2019 17:55:17,21.762493133544922,20.174999237060547,18.0,1,1,0
13-09-2019 17:55:28,21.591814041137695,20.075000762939453,18.0,1,1,0
13-09-2019 17:55:38,21.420169830322266,20.325000762939453,18.0,1,1,0
13-09-2019 17:55:48,21.254676818847656,20.600000381469727,18.0,1,1,0
13-09-2019 17:55:59,21.168197631835938,20.850000381469727,18.0,1,1,0
13-09-2019 17:56:09,21.165311813354492,21.100000381469727,18.0,1,1,0
13-09-2019 17:56:20,21.205486297607422,21.375,18.0,1,1,0
13-09-2019 17:56:30,21.273574829101562,21.649999618530273,18.0,1,1,0
13-09-2019 17:56:40,21.371135711669922,21.899999618530273,18.0,1,1,0
13-09-2019 17:56:54,21.504995346069336,22.25,18.0,1,1,0
13-09-2019 17:57:05,21.603029251098633,22.5,18.0,1,1,0
13-09-2019 17:57:15,21.697439193725586,22.774999618530273,18.0,1,1,0
13-09-2019 17:57:26,21.80328369140625,23.024999618530273,18.0,1,1,0
13-09-2019 17:57:36,21.908193588256836,23.299999237060547,18.0,1,1,0
13-09-2019 17:57:46,22.020421981811523,23.549999237060547,18.0,1,1,0
13-09-2019 17:58:01,22.188703536987305,23.899999618530273,18.0,1,1,0
13-09-2019 17:58:14,22.3408203125,24.225000381469727,18.0,1,1,0
13-09-2019 17:58:24,22.478527069091797,24.475000381469727,18.0,1,1,0
13-09-2019 17:58:34,22.62259864807129,24.75,18.0,1,1,0
13-09-2019 17:58:45,22.780548095703125,25.0,18.0,1,1,0
13-09-2019 17:58:55,22.950714111328125,25.25,18.0,1,1,0
13-09-2019 18:03:54,23.995594024658203,23.700000762939453,18.0,0,0,0
13-09-2019 18:04:04,23.965694427490234,23.700000762939453,18.0,0,0,0
13-09-2019 18:04:14,23.936737060546875,23.700000762939453,18.0,0,0,0
13-09-2019 18:04:25,23.908035278320312,23.700000762939453,18.0,0,0,0
13-09-2019 18:04:35,23.87974739074707,23.700000762939453,18.0,0,0,0
13-09-2019 18:06:01,23.668193817138672,20.0,18.0,1,0,0
13-09-2019 18:06:09,23.792327880859375,20.0,18.0,1,0,0
13-09-2019 18:06:18,23.973182678222656,20.0,18.0,1,0,0
13-09-2019 18:06:28,24.125167846679688,20.0,18.0,1,0,0
13-09-2019 18:06:40,24.16718101501465,20.0,18.0,1,0,0
13-09-2019 18:06:49,24.23331642150879,20.0,18.0,1,0,0
13-09-2019 18:06:57,24.32192611694336,20.0,18.0,1,0,0
13-09-2019 18:07:07,24.38895034790039,20.0,18.0,1,0,0
13-09-2019 18:07:17,24.44940948486328,20.0,18.0,1,0,0
13-09-2019 18:07:26,24.461244583129883,20.0,18.0,1,0,0
13-09-2019 18:07:36,24.4453182220459,20.0,18.0,1,0,0
13-09-2019 18:07:46,24.41549301147461,20.0,18.0,1,0,0
13-09-2019 18:07:56,24.38838005065918,20.0,18.0,1,0,0
13-09-2019 18:08:05,24.360559463500977,20.0,18.0,1,0,0
13-09-2019 18:08:15,24.331127166748047,20.0,18.0,1,0,0
13-09-2019 18:08:25,24.30206871032715,20.0,18.0,1,0,0
13-09-2019 18:08:35,24.270002365112305,20.0,18.0,1,0,0
13-09-2019 18:08:44,24.240217208862305,20.0,18.0,1,0,0
13-09-2019 18:08:54,24.209686279296875,20.0,18.0,1,0,0
13-09-2019 18:09:04,24.181198120117188,20.0,18.0,1,0,0
13-09-2019 18:09:11,24.16073226928711,20.0,18.0,1,0,0
13-09-2019 18:13:21,23.574844360351562,20.0,18.0,1,0,0
13-09-2019 18:13:33,23.555049896240234,20.0,18.0,1,0,0
13-09-2019 18:13:41,23.683486938476562,20.0,18.0,1,0,0
13-09-2019 18:13:50,23.84813690185547,20.060012817382812,18.0,1,1,0
13-09-2019 18:13:58,23.97796058654785,20.198375701904297,18.0,1,1,0
13-09-2019 18:14:06,24.093969345092773,20.348424911499023,18.0,1,1,0
13-09-2019 18:14:16,24.18988800048828,20.52344512939453,18.0,1,1,0
13-09-2019 18:14:26,24.262788772583008,20.673494338989258,18.0,1,1,0
13-09-2019 18:14:36,24.32525062561035,20.825176239013672,18.0,1,1,0
13-09-2019 18:14:45,24.3763484954834,21.011882781982422,18.0,1,1,0
13-09-2019 18:14:55,24.403520584106445,21.175268173217773,18.0,1,1,0
13-09-2019 18:15:05,24.388341903686523,21.313613891601562,18.0,1,1,0
13-09-2019 18:15:15,24.227811813354492,21.47698211669922,18.0,1,1,0
13-09-2019 18:15:24,23.838916778564453,21.640350341796875,18.0,1,1,0
13-09-2019 18:15:34,23.331960678100586,21.815387725830078,18.0,1,1,0
13-09-2019 18:15:44,22.826316833496094,21.94376564025879,18.0,1,1,0
13-09-2019 18:15:54,22.63808822631836,21.94376564025879,18.0,1,1,0
13-09-2019 18:16:06,22.52765655517578,21.94376564025879,18.0,1,1,0
13-09-2019 18:16:16,22.448928833007812,21.94376564025879,18.0,1,1,0
13-09-2019 18:16:26,22.389049530029297,21.94376564025879,18.0,1,1,0
13-09-2019 18:16:37,22.33728790283203,21.94376564025879,18.0,1,1,0
13-09-2019 18:16:47,22.28443717956543,21.94376564025879,18.0,1,1,0
13-09-2019 18:16:57,22.22048568725586,21.94376564025879,18.0,1,1,0
13-09-2019 18:17:04,22.18895721435547,21.94376564025879,18.0,1,1,0
13-09-2019 18:17:14,22.148906707763672,21.94376564025879,18.0,1,1,0
13-09-2019 18:17:25,22.10702133178711,21.94376564025879,18.0,1,1,0
13-09-2019 18:17:35,22.0553035736084,21.94376564025879,18.0,1,1,0
13-09-2019 18:17:45,22.019603729248047,21.94376564025879,18.0,1,1,0
13-09-2019 18:17:56,21.991296768188477,21.94376564025879,18.0,1,1,0
13-09-2019 18:18:06,21.95977210998535,21.94376564025879,18.0,1,1,0
13-09-2019 18:18:12,21.94149398803711,21.94376564025879,18.0,1,1,0
13-09-2019 18:18:22,21.909500122070312,21.94376564025879,18.0,1,1,0
13-09-2019 18:18:33,21.885446548461914,21.94376564025879,18.0,1,1,0
13-09-2019 18:18:43,21.86520004272461,21.94376564025879,18.0,1,1,0
13-09-2019 18:18:53,21.84463882446289,21.94376564025879,18.0,1,1,0
13-09-2019 18:19:04,21.821794509887695,21.94376564025879,18.0,1,1,0
13-09-2019 18:19:11,21.802776336669922,21.94376564025879,18.0,1,1,0
13-09-2019 18:19:21,21.78434181213379,21.94376564025879,18.0,1,1,0
13-09-2019 18:19:32,21.75420379638672,21.94376564025879,18.0,1,1,0
13-09-2019 18:19:42,21.723285675048828,21.94376564025879,18.0,1,1,0
